Model	Replicate	log-likelihood	AIC	chi-squared	theta	optimized_params(nu1, nu2, nu3, T1)
sim_split_no_mig	Round_1_Replicate_1	-8284.87	16577.74	22854.96	627.8	2.5127,3.1164,0.241,0.1662
sim_split_no_mig	Round_1_Replicate_2	-27786.14	55580.28	9.688500633923664e+20	194.28	0.5106,0.856,0.1103,2.6965
sim_split_no_mig	Round_1_Replicate_3	-40290.74	80589.48	228097165.07	152.44	6.7022,0.7772,2.6915,4.2792
sim_split_no_mig	Round_1_Replicate_4	-33071.45	66150.9	31838620.9	421.69	0.5902,0.2413,3.1049,1.0884
sim_split_no_mig	Round_1_Replicate_5	-38911.65	77831.3	174642216.06	523.84	0.4197,1.2987,0.2794,1.2876
sim_split_no_mig	Round_1_Replicate_6	-5087.3	10182.6	5494.85	649.32	1.4702,3.1486,2.0875,0.105
sim_split_no_mig	Round_1_Replicate_7	-31068.82	62145.64	3.02530889989962e+19	85.85	7.9952,0.117,0.4633,4.0695
sim_split_no_mig	Round_1_Replicate_8	-7616.32	15240.64	18227.05	710.91	0.5375,0.3156,4.5263,0.1324
sim_split_no_mig	Round_1_Replicate_9	-12202.1	24412.2	69208.75	220.08	8.3677,2.5329,4.9351,1.0352
sim_split_no_mig	Round_1_Replicate_10	-46064.14	92136.28	1539046460.93	275.59	0.2079,2.8322,2.6913,1.9132
sim_split_no_mig	Round_2_Replicate_1	-6455.88	12919.76	9595.16	493.92	1.8281,3.1687,3.2039,0.2289
sim_split_no_mig	Round_2_Replicate_2	-4814.35	9636.7	20382.58	854.87	3.2597,9.642,1.3874,0.0176
sim_split_no_mig	Round_2_Replicate_3	-4874.74	9757.48	25406.95	857.16	2.6992,10.8568,1.7782,0.0168
sim_split_no_mig	Round_2_Replicate_4	-4149.32	8306.64	4329.3	847.51	1.5305,1.5377,0.598,0.0269
sim_split_no_mig	Round_2_Replicate_5	-4462.67	8933.34	9497.15	847.12	0.5408,13.3715,1.4549,0.0241
sim_split_no_mig	Round_2_Replicate_6	-4237.25	8482.5	5061.53	838.8	2.5493,1.009,0.7257,0.0291
sim_split_no_mig	Round_2_Replicate_7	-4772.5	9553.0	23017.74	849.51	1.3619,2.224,3.2797,0.0204
sim_split_no_mig	Round_2_Replicate_8	-4633.63	9275.26	6069.56	763.15	2.6772,3.4568,1.2906,0.0482
sim_split_no_mig	Round_2_Replicate_9	-6028.18	12064.36	8696.06	621.34	0.6497,2.4716,2.7177,0.144
sim_split_no_mig	Round_2_Replicate_10	-4962.02	9932.04	7247.46	706.48	4.5928,4.0304,1.8112,0.0661
sim_split_no_mig	Round_2_Replicate_11	-3872.38	7752.76	2909.94	874.96	0.633,1.2165,0.4194,0.0249
sim_split_no_mig	Round_2_Replicate_12	-5257.01	10522.02	5595.64	610.01	2.9698,6.1347,1.4274,0.1197
sim_split_no_mig	Round_2_Replicate_13	-4736.14	9480.28	5966.65	735.72	2.901,3.7854,1.4395,0.0576
sim_split_no_mig	Round_2_Replicate_14	-4638.81	9285.62	15077.51	864.9	1.3697,7.3505,1.1873,0.0165
sim_split_no_mig	Round_2_Replicate_15	-4808.66	9625.32	22618.7	861.85	1.7842,13.6668,1.6573,0.0161
sim_split_no_mig	Round_2_Replicate_16	-4906.24	9820.48	15638.55	783.23	2.6117,2.3428,3.4005,0.0388
sim_split_no_mig	Round_2_Replicate_17	-4202.93	8413.86	4966.25	850.02	0.4636,4.1221,0.8985,0.0276
sim_split_no_mig	Round_2_Replicate_18	-7209.71	14427.42	13665.06	496.57	4.2986,1.0482,2.6328,0.2465
sim_split_no_mig	Round_2_Replicate_19	-4665.79	9339.58	17044.57	838.6	5.8967,0.8817,1.7673,0.0247
sim_split_no_mig	Round_2_Replicate_20	-5090.96	10189.92	8279.02	685.92	2.2767,3.8654,3.1914,0.0755
sim_split_no_mig	Round_3_Replicate_1	-3873.27	7754.54	2879.31	885.5	1.05,2.0448,0.2263,0.0208
sim_split_no_mig	Round_3_Replicate_2	-4064.33	8136.66	4159.63	870.24	0.7257,0.4769,0.8868,0.027
sim_split_no_mig	Round_3_Replicate_3	-3996.12	8000.24	3660.64	870.86	0.6444,2.5671,0.4773,0.0222
sim_split_no_mig	Round_3_Replicate_4	-4235.3	8478.6	6428.47	864.26	1.205,0.4509,1.1166,0.025
sim_split_no_mig	Round_3_Replicate_5	-4308.09	8624.18	5941.78	836.26	1.134,0.6598,1.4458,0.0324
sim_split_no_mig	Round_3_Replicate_6	-3926.19	7860.38	3093.17	871.63	0.6805,3.3361,0.3635,0.0233
sim_split_no_mig	Round_3_Replicate_7	-3924.1	7856.2	3108.61	876.93	1.0136,2.6321,0.2882,0.0214
sim_split_no_mig	Round_3_Replicate_8	-3728.08	7464.16	2698.27	930.53	0.5731,2.3445,0.1015,0.0103
sim_split_no_mig	Round_3_Replicate_9	-4139.99	8287.98	4870.78	864.2	0.6156,0.5701,1.2581,0.027
sim_split_no_mig	Round_3_Replicate_10	-3789.39	7586.78	2917.54	920.4	0.7575,3.345,0.1222,0.0115
sim_split_no_mig	Round_3_Replicate_11	-3828.32	7664.64	3167.02	905.79	0.2865,0.804,0.4745,0.0187
sim_split_no_mig	Round_3_Replicate_12	-4063.99	8135.98	5615.81	915.67	0.1832,0.4836,1.405,0.0147
sim_split_no_mig	Round_3_Replicate_13	-3567.63	7143.26	2174.53	947.59	0.1951,1.5845,0.1137,0.0106
sim_split_no_mig	Round_3_Replicate_14	-3877.15	7762.3	2946.7	875.57	0.7819,1.1378,0.388,0.0241
sim_split_no_mig	Round_3_Replicate_15	-4106.79	8221.58	4228.23	858.3	1.534,0.5036,0.6851,0.0288
sim_split_no_mig	Round_3_Replicate_16	-4249.11	8506.22	7096.96	870.17	1.4722,0.4015,1.0237,0.023
sim_split_no_mig	Round_3_Replicate_17	-4544.12	9096.24	7116.0	797.27	2.2808,1.822,1.4113,0.0382
sim_split_no_mig	Round_3_Replicate_18	-3877.1	7762.2	2844.65	872.02	0.6194,0.8409,0.4752,0.0284
sim_split_no_mig	Round_3_Replicate_19	-3644.89	7297.78	2401.99	930.31	0.6146,0.3422,0.1907,0.0152
sim_split_no_mig	Round_3_Replicate_20	-3877.08	7762.16	3148.15	891.08	0.3225,1.3114,0.4833,0.0221
sim_split_no_mig	Round_3_Replicate_21	-3987.33	7982.66	3055.05	859.02	1.26,2.9635,0.2879,0.0274
sim_split_no_mig	Round_3_Replicate_22	-4057.17	8122.34	3774.16	855.39	2.1285,0.7028,0.5154,0.0281
sim_split_no_mig	Round_3_Replicate_23	-3730.12	7468.24	2735.7	931.73	1.024,0.7781,0.1013,0.0103
sim_split_no_mig	Round_3_Replicate_24	-3742.63	7493.26	2637.83	918.01	0.5248,3.8163,0.1406,0.0133
sim_split_no_mig	Round_3_Replicate_25	-3733.84	7475.68	2729.14	927.15	1.041,0.7783,0.1167,0.0113
sim_split_no_mig	Round_3_Replicate_26	-3783.68	7575.36	2597.34	895.71	0.9206,0.8783,0.2272,0.021
sim_split_no_mig	Round_3_Replicate_27	-3982.91	7973.82	3727.55	883.74	0.3134,1.2206,0.6791,0.0233
sim_split_no_mig	Round_3_Replicate_28	-4010.55	8029.1	3488.41	859.95	0.6836,2.7633,0.5047,0.0257
sim_split_no_mig	Round_3_Replicate_29	-3977.33	7962.66	3341.66	861.05	1.0285,1.0773,0.4936,0.0267
sim_split_no_mig	Round_3_Replicate_30	-3755.21	7518.42	2789.04	925.09	0.7877,1.5661,0.1141,0.0112
sim_split_no_mig	Round_4_Replicate_1	-3554.66	7117.32	2203.69	947.32	0.1894,0.8279,0.1403,0.0104
sim_split_no_mig	Round_4_Replicate_2	-3556.42	7120.84	2147.08	952.07	0.1811,1.5301,0.1025,0.0101
sim_split_no_mig	Round_4_Replicate_3	-3572.6	7153.2	2196.72	949.52	0.1742,2.6817,0.1058,0.01
sim_split_no_mig	Round_4_Replicate_4	-3535.34	7078.68	2110.68	956.13	0.1633,0.9896,0.1082,0.0101
sim_split_no_mig	Round_4_Replicate_5	-3588.1	7184.2	2214.95	945.43	0.2363,1.9315,0.1009,0.0103
sim_split_no_mig	Round_4_Replicate_6	-3560.15	7128.3	2156.25	945.85	0.2237,1.0554,0.12,0.0109
sim_split_no_mig	Round_4_Replicate_7	-3557.14	7122.28	2165.52	952.4	0.1638,1.6672,0.1084,0.01
sim_split_no_mig	Round_4_Replicate_8	-3535.83	7079.66	2106.83	957.85	0.1605,1.027,0.102,0.01
sim_split_no_mig	Round_4_Replicate_9	-3553.07	7114.14	2124.84	951.97	0.2235,0.9711,0.0973,0.0103
sim_split_no_mig	Round_4_Replicate_10	-3552.38	7112.76	2136.17	954.64	0.1711,1.3832,0.1007,0.0102
sim_split_no_mig	Round_4_Replicate_11	-3567.42	7142.84	2176.03	954.17	0.1599,2.3604,0.0982,0.01
sim_split_no_mig	Round_4_Replicate_12	-3556.99	7121.98	2157.59	947.34	0.2323,1.0292,0.109,0.0101
sim_split_no_mig	Round_4_Replicate_13	-3557.67	7123.34	2151.0	947.77	0.2106,1.1738,0.1133,0.0105
sim_split_no_mig	Round_4_Replicate_14	-3575.68	7159.36	2204.04	952.55	0.1551,3.3482,0.1024,0.01
sim_split_no_mig	Round_4_Replicate_15	-3572.28	7152.56	2175.3	951.97	0.1799,2.1526,0.0978,0.0103
sim_split_no_mig	Round_4_Replicate_16	-3543.74	7095.48	2124.72	957.89	0.156,1.1901,0.1005,0.0101
sim_split_no_mig	Round_4_Replicate_17	-3528.32	7064.64	2090.68	958.72	0.1614,0.8905,0.1026,0.01
sim_split_no_mig	Round_4_Replicate_18	-3565.0	7138.0	2169.04	951.8	0.1713,1.8659,0.1053,0.0103
sim_split_no_mig	Round_4_Replicate_19	-3554.81	7117.62	2137.6	947.52	0.2377,0.9308,0.1112,0.0106
sim_split_no_mig	Round_4_Replicate_20	-3588.19	7184.38	2247.37	942.28	0.2186,2.0007,0.1202,0.0104
sim_split_no_mig	Round_4_Replicate_21	-3572.14	7152.28	2189.4	951.71	0.1659,2.7792,0.1016,0.0101
sim_split_no_mig	Round_4_Replicate_22	-3547.02	7102.04	2147.69	955.73	0.1523,1.0762,0.1155,0.0104
sim_split_no_mig	Round_4_Replicate_23	-3562.06	7132.12	2174.96	954.86	0.1511,1.9278,0.1041,0.01
sim_split_no_mig	Round_4_Replicate_24	-3558.0	7124.0	2176.62	951.82	0.1613,1.554,0.114,0.0101
sim_split_no_mig	Round_4_Replicate_25	-3549.21	7106.42	2152.94	956.18	0.1487,1.2655,0.11,0.0101
sim_split_no_mig	Round_4_Replicate_26	-3601.59	7211.18	2239.54	943.96	0.1882,2.3861,0.1258,0.0121
sim_split_no_mig	Round_4_Replicate_27	-3568.89	7145.78	2205.05	949.2	0.1662,1.6489,0.122,0.0105
sim_split_no_mig	Round_4_Replicate_28	-3567.99	7143.98	2169.69	956.4	0.1596,1.5085,0.1009,0.0107
sim_split_no_mig	Round_4_Replicate_29	-3555.61	7119.22	2167.15	953.91	0.1544,1.4265,0.1126,0.0102
sim_split_no_mig	Round_4_Replicate_30	-3541.45	7090.9	2109.78	957.66	0.1693,1.0543,0.0979,0.0102
sim_split_no_mig	Round_4_Replicate_31	-3532.67	7073.34	2097.58	955.15	0.177,0.9347,0.106,0.0101
sim_split_no_mig	Round_4_Replicate_32	-3575.02	7158.04	2205.52	945.67	0.1929,1.7812,0.1203,0.0106
sim_split_no_mig	Round_4_Replicate_33	-3531.27	7070.54	2095.35	954.63	0.1801,0.8845,0.1086,0.0102
sim_split_no_mig	Round_4_Replicate_34	-3564.74	7137.48	2166.29	946.65	0.2366,1.1499,0.1076,0.0103
sim_split_no_mig	Round_4_Replicate_35	-3556.37	7120.74	2158.9	954.21	0.1585,1.6482,0.105,0.0101
sim_split_no_mig	Round_4_Replicate_36	-3617.47	7242.94	2310.45	934.75	0.3163,1.3387,0.1311,0.0114
sim_split_no_mig	Round_4_Replicate_37	-3550.25	7108.5	2131.73	948.18	0.2054,0.9066,0.1256,0.0112
sim_split_no_mig	Round_4_Replicate_38	-3555.83	7119.66	2155.17	954.59	0.1592,1.6673,0.1028,0.01
sim_split_no_mig	Round_4_Replicate_39	-3549.62	7107.24	2133.4	955.29	0.167,1.3948,0.0997,0.01
sim_split_no_mig	Round_4_Replicate_40	-3612.28	7232.56	2295.18	940.93	0.2763,2.2457,0.1037,0.0101
