Model	Replicate	log-likelihood	AIC	chi-squared	theta	optimized_params(nu1, nu2, nu3, T1, T2, f)
admix_origin_no_mig	Round_1_Replicate_1	-40832.3	81676.6	299048594.44	153.9	0.6902,3.7778,5.25,0.3639,3.9748,0.4739
admix_origin_no_mig	Round_1_Replicate_2	-16097.67	32207.34	347487.04	484.45	0.8253,0.6268,5.7308,0.547,0.2942,0.0855
admix_origin_no_mig	Round_1_Replicate_3	-30681.64	61375.28	20051098.22	177.02	2.0437,6.6601,0.4301,2.8031,1.2304,0.2957
admix_origin_no_mig	Round_1_Replicate_4	-28510.64	57033.28	11742547.45	266.57	0.6528,3.2654,1.5951,2.6117,0.4255,0.1274
admix_origin_no_mig	Round_1_Replicate_5	-28596.24	57204.48	1.298267014585541e+17	123.03	0.1662,4.1526,0.4251,1.9278,1.935,0.949
admix_origin_no_mig	Round_1_Replicate_6	-37033.09	74078.18	96633363.92	308.6	3.4176,0.8378,0.3501,0.6242,1.5145,0.9887
admix_origin_no_mig	Round_1_Replicate_7	-40176.22	80364.44	3.99044523566376e+25	144.5	0.5351,0.3244,0.1859,0.1561,6.1472,0.9887
admix_origin_no_mig	Round_1_Replicate_8	-40065.95	80143.9	234958489.22	350.75	1.4165,0.6594,0.7567,0.5893,2.053,0.9448
admix_origin_no_mig	Round_1_Replicate_9	-15255.49	30522.98	246395.46	471.13	0.2141,7.825,2.8063,0.1851,0.2277,0.8393
admix_origin_no_mig	Round_1_Replicate_10	-45671.06	91354.12	1172630775.3	280.93	0.764,1.3704,1.3055,0.9111,2.8974,0.9887
admix_origin_no_mig	Round_2_Replicate_1	-7889.25	15790.5	20371.24	680.06	0.3119,2.3539,2.4265,0.0999,0.0965,0.9888
admix_origin_no_mig	Round_2_Replicate_2	-15821.79	31655.58	265593.01	303.27	0.4774,15.8605,3.1947,0.3864,0.4166,0.8175
admix_origin_no_mig	Round_2_Replicate_3	-10416.83	20845.66	46295.72	472.07	0.4754,5.8171,2.2683,0.1391,0.2422,0.9893
admix_origin_no_mig	Round_2_Replicate_4	-8578.75	17169.5	30821.99	550.71	0.6104,2.0043,4.7998,0.3175,0.0682,0.3864
admix_origin_no_mig	Round_2_Replicate_5	-5033.57	10079.14	5646.39	754.36	0.3372,5.5664,2.0884,0.0399,0.0438,0.6755
admix_origin_no_mig	Round_2_Replicate_6	-23624.38	47260.76	2215915.27	394.93	0.1231,9.3487,3.5125,0.076,0.4324,0.4557
admix_origin_no_mig	Round_2_Replicate_7	-5447.39	10906.78	7116.18	697.2	0.5238,2.0508,1.1686,0.0775,0.0548,0.4155
admix_origin_no_mig	Round_2_Replicate_8	-7200.79	14413.58	14448.56	595.45	0.487,4.6261,7.8595,0.1507,0.0817,0.9881
admix_origin_no_mig	Round_2_Replicate_9	-17392.74	34797.48	417818.88	284.17	0.4814,4.05,7.5629,0.18,0.7421,0.424
admix_origin_no_mig	Round_2_Replicate_10	-23044.72	46101.44	2251694.16	341.64	0.2215,2.4121,9.7385,0.0888,0.6821,0.6618
admix_origin_no_mig	Round_2_Replicate_11	-11163.58	22339.16	66849.56	532.81	0.3111,2.6254,10.2079,0.1099,0.2096,0.9889
admix_origin_no_mig	Round_2_Replicate_12	-18232.28	36476.56	605197.63	361.61	0.269,16.4764,1.6551,0.6674,0.0949,0.7755
admix_origin_no_mig	Round_2_Replicate_13	-14277.98	28567.96	167477.98	416.02	0.2583,6.3016,5.4675,0.1414,0.2911,0.2897
admix_origin_no_mig	Round_2_Replicate_14	-33290.7	66593.4	46091885.09	415.19	0.1584,2.9392,6.6722,0.7036,0.3226,0.9884
admix_origin_no_mig	Round_2_Replicate_15	-7984.11	15980.22	19058.67	528.34	0.6854,15.6969,0.8342,0.0911,0.1712,0.9885
admix_origin_no_mig	Round_2_Replicate_16	-8174.83	16361.66	20997.51	529.62	0.4262,12.8759,3.1512,0.0428,0.1691,0.2311
admix_origin_no_mig	Round_2_Replicate_17	-15779.55	31571.1	301280.39	448.6	0.2627,2.5004,7.8058,0.1345,0.3552,0.8816
admix_origin_no_mig	Round_2_Replicate_18	-10413.27	20838.54	41434.68	340.9	0.8044,13.9572,6.1316,0.0885,0.4119,0.9885
admix_origin_no_mig	Round_2_Replicate_19	-7361.84	14735.68	16238.84	603.77	0.4023,4.6042,1.191,0.1264,0.0719,0.232
admix_origin_no_mig	Round_2_Replicate_20	-31637.74	63287.48	26210103.37	358.42	0.1422,17.6099,1.9145,0.727,0.1513,0.9885
admix_origin_no_mig	Round_3_Replicate_1	-4654.94	9321.88	5302.14	738.53	1.187,5.2254,0.6591,0.042,0.0316,0.6177
admix_origin_no_mig	Round_3_Replicate_2	-4300.71	8613.42	4543.78	864.73	0.2479,14.2205,3.8604,0.0276,0.0111,0.6247
admix_origin_no_mig	Round_3_Replicate_3	-3733.85	7479.7	2509.44	925.5	0.2454,3.1271,0.5519,0.0138,0.0104,0.9916
admix_origin_no_mig	Round_3_Replicate_4	-4665.36	9342.72	10849.53	812.35	0.6304,7.3438,2.0222,0.0198,0.0188,0.3675
admix_origin_no_mig	Round_3_Replicate_5	-4037.27	8086.54	2952.81	869.13	0.2896,11.7823,7.3407,0.0232,0.0171,0.9895
admix_origin_no_mig	Round_3_Replicate_6	-3789.51	7591.02	2672.63	920.93	0.2185,9.6967,1.0051,0.0128,0.0109,0.9888
admix_origin_no_mig	Round_3_Replicate_7	-4015.65	8043.3	3098.63	857.06	0.5639,1.3795,1.9441,0.0298,0.0142,0.9891
admix_origin_no_mig	Round_3_Replicate_8	-4599.51	9211.02	4188.49	730.41	0.825,8.6407,1.1377,0.0447,0.0379,0.9514
admix_origin_no_mig	Round_3_Replicate_9	-4993.84	9999.68	5572.35	771.73	0.3412,6.0887,0.7276,0.0262,0.0481,0.4585
admix_origin_no_mig	Round_3_Replicate_10	-4621.26	9254.52	4511.4	778.33	0.4379,4.116,0.8386,0.0703,0.0148,0.6165
admix_origin_no_mig	Round_3_Replicate_11	-4003.73	8019.46	2852.34	848.54	0.5002,1.4719,1.0374,0.0278,0.0222,0.9883
admix_origin_no_mig	Round_3_Replicate_12	-4694.05	9400.1	5821.72	801.15	0.3689,6.4874,0.8369,0.0111,0.0397,0.2443
admix_origin_no_mig	Round_3_Replicate_13	-3775.22	7562.44	2548.88	915.09	0.2895,2.22,0.8546,0.0179,0.0105,0.9896
admix_origin_no_mig	Round_3_Replicate_14	-4113.42	8238.84	3651.92	848.46	0.6279,2.9435,0.931,0.0297,0.0115,0.9888
admix_origin_no_mig	Round_3_Replicate_15	-4500.61	9013.22	12619.75	868.37	0.4221,3.8847,2.6982,0.0121,0.0106,0.3494
admix_origin_no_mig	Round_3_Replicate_16	-4015.08	8042.16	2798.39	899.04	0.2218,4.7624,1.0187,0.0232,0.0176,0.9897
admix_origin_no_mig	Round_3_Replicate_17	-3884.26	7780.52	2727.58	899.44	0.3114,2.5772,3.8061,0.0238,0.011,0.9892
admix_origin_no_mig	Round_3_Replicate_18	-4252.82	8517.64	4661.44	890.53	0.1778,14.703,3.6536,0.0194,0.0104,0.5973
admix_origin_no_mig	Round_3_Replicate_19	-4744.16	9500.32	8306.85	768.26	0.9215,8.1873,0.8204,0.0189,0.0349,0.176
admix_origin_no_mig	Round_3_Replicate_20	-4553.03	9118.06	4860.19	761.73	0.7702,12.1591,3.2599,0.0298,0.0315,0.9909
admix_origin_no_mig	Round_3_Replicate_21	-5729.07	11470.14	8513.64	836.8	0.2278,1.4104,0.587,0.0107,0.0683,0.9892
admix_origin_no_mig	Round_3_Replicate_22	-4606.56	9225.12	12048.08	876.94	0.172,18.9462,2.2218,0.0103,0.0125,0.2248
admix_origin_no_mig	Round_3_Replicate_23	-4629.8	9271.6	4990.5	754.51	0.981,10.1155,3.0604,0.0595,0.0123,0.9905
admix_origin_no_mig	Round_3_Replicate_24	-3993.78	7999.56	2742.48	893.89	0.2448,14.2203,3.0664,0.0268,0.0127,0.9882
admix_origin_no_mig	Round_3_Replicate_25	-4603.5	9219.0	5049.48	747.14	1.0371,2.8801,1.4601,0.0126,0.052,0.9067
admix_origin_no_mig	Round_3_Replicate_26	-5304.18	10620.36	6316.31	673.2	0.5656,3.9519,7.1492,0.0202,0.0853,0.989
admix_origin_no_mig	Round_3_Replicate_27	-4265.12	8542.24	5787.09	853.27	0.5598,6.9732,0.5943,0.0205,0.0109,0.6655
admix_origin_no_mig	Round_3_Replicate_28	-4382.62	8777.24	5875.63	833.88	0.5823,6.4709,2.3031,0.0257,0.0107,0.7517
admix_origin_no_mig	Round_3_Replicate_29	-5576.65	11165.3	7619.53	698.06	0.4613,2.6789,1.3828,0.0502,0.063,0.2505
admix_origin_no_mig	Round_3_Replicate_30	-4247.83	8507.66	4674.38	831.05	0.9402,2.137,0.8583,0.0232,0.016,0.9891
admix_origin_no_mig	Round_4_Replicate_1	-3839.19	7690.38	2935.07	908.52	0.2904,4.9494,0.8258,0.0146,0.0107,0.9887
admix_origin_no_mig	Round_4_Replicate_2	-3742.0	7496.0	2536.71	914.78	0.322,1.4223,0.3783,0.018,0.0103,0.8545
admix_origin_no_mig	Round_4_Replicate_3	-3659.09	7330.18	2326.47	943.11	0.2235,1.8141,0.2669,0.0117,0.0102,0.9881
admix_origin_no_mig	Round_4_Replicate_4	-3701.4	7414.8	2284.78	935.96	0.2112,2.5125,0.44,0.0144,0.0115,0.9886
admix_origin_no_mig	Round_4_Replicate_5	-3924.88	7861.76	3545.32	891.91	0.3801,2.0676,0.3737,0.0161,0.0114,0.6621
admix_origin_no_mig	Round_4_Replicate_6	-3952.66	7917.32	3248.27	880.35	0.4233,4.0611,0.6933,0.0192,0.0125,0.9887
admix_origin_no_mig	Round_4_Replicate_7	-3819.3	7650.6	2947.16	935.99	0.1565,2.0923,1.0781,0.0109,0.0104,0.7762
admix_origin_no_mig	Round_4_Replicate_8	-3673.95	7359.9	2232.08	962.88	0.1328,3.6758,0.445,0.01,0.01,0.989
admix_origin_no_mig	Round_4_Replicate_9	-3738.11	7488.22	2635.48	938.5	0.182,1.5704,0.8207,0.012,0.01,0.8265
admix_origin_no_mig	Round_4_Replicate_10	-3696.42	7404.84	2353.15	948.3	0.1529,5.6929,0.7846,0.0104,0.01,0.9891
admix_origin_no_mig	Round_4_Replicate_11	-3738.59	7489.18	2461.04	922.82	0.2961,1.7411,0.2774,0.0154,0.0124,0.9884
admix_origin_no_mig	Round_4_Replicate_12	-3671.97	7355.94	2252.48	954.87	0.1523,4.4269,0.3444,0.0102,0.0102,0.9886
admix_origin_no_mig	Round_4_Replicate_13	-3688.28	7388.56	2261.44	940.84	0.1983,3.6335,0.4025,0.0139,0.0101,0.9886
admix_origin_no_mig	Round_4_Replicate_14	-3850.78	7713.56	3064.5	913.65	0.2225,3.4929,0.362,0.0135,0.0108,0.6644
admix_origin_no_mig	Round_4_Replicate_15	-3755.1	7522.2	2505.68	918.87	0.2605,2.9601,0.4135,0.014,0.0126,0.9891
admix_origin_no_mig	Round_4_Replicate_16	-3995.84	8003.68	3194.84	869.41	0.3713,2.3745,0.9802,0.0271,0.0117,0.7646
admix_origin_no_mig	Round_4_Replicate_17	-3697.45	7406.9	2435.39	936.33	0.206,2.3856,0.763,0.0117,0.0102,0.9894
admix_origin_no_mig	Round_4_Replicate_18	-3714.09	7440.18	2330.99	924.17	0.2831,1.5883,0.419,0.0179,0.0114,0.9883
admix_origin_no_mig	Round_4_Replicate_19	-3841.86	7695.72	3060.55	915.0	0.2382,3.744,0.2982,0.0142,0.0102,0.6421
admix_origin_no_mig	Round_4_Replicate_20	-3713.23	7438.46	2397.3	929.42	0.2378,1.6723,1.0299,0.0147,0.0109,0.989
admix_origin_no_mig	Round_4_Replicate_21	-3743.53	7499.06	2530.56	936.35	0.1826,2.172,0.5693,0.0136,0.0101,0.8198
admix_origin_no_mig	Round_4_Replicate_22	-3780.7	7573.4	2603.87	907.72	0.3933,1.5519,0.3122,0.0203,0.0106,0.99
admix_origin_no_mig	Round_4_Replicate_23	-3783.92	7579.84	2565.82	914.05	0.2833,4.9458,0.4604,0.0175,0.0101,0.9894
admix_origin_no_mig	Round_4_Replicate_24	-3697.25	7406.5	2336.41	936.38	0.2149,3.6314,0.3032,0.0137,0.0101,0.96
admix_origin_no_mig	Round_4_Replicate_25	-3809.16	7630.32	2660.26	903.88	0.3667,2.3012,0.4054,0.0206,0.0103,0.9891
admix_origin_no_mig	Round_4_Replicate_26	-3673.79	7359.58	2275.51	949.62	0.163,5.0196,0.3944,0.0107,0.0101,0.9891
admix_origin_no_mig	Round_4_Replicate_27	-3654.16	7320.32	2245.22	950.43	0.1702,2.0234,0.6546,0.0112,0.0102,0.989
admix_origin_no_mig	Round_4_Replicate_28	-3857.88	7727.76	3233.97	917.02	0.2079,2.3238,0.3114,0.0129,0.0101,0.5482
admix_origin_no_mig	Round_4_Replicate_29	-3672.6	7357.2	2323.3	947.07	0.1728,4.5457,0.3578,0.0102,0.01,0.9896
admix_origin_no_mig	Round_4_Replicate_30	-3815.21	7642.42	2818.68	933.43	0.1695,2.5866,1.0175,0.0132,0.01,0.7922
admix_origin_no_mig	Round_4_Replicate_31	-3732.18	7476.36	2377.6	917.49	0.3504,1.1739,0.3641,0.0216,0.0111,0.9856
admix_origin_no_mig	Round_4_Replicate_32	-3785.4	7582.8	2636.07	908.43	0.3626,1.8951,0.3984,0.0192,0.0102,0.9896
admix_origin_no_mig	Round_4_Replicate_33	-3702.12	7416.24	2357.65	937.06	0.1989,3.1236,0.7344,0.013,0.0102,0.9892
admix_origin_no_mig	Round_4_Replicate_34	-3697.35	7406.7	2361.22	946.7	0.1587,3.3391,0.8725,0.0104,0.0106,0.9897
admix_origin_no_mig	Round_4_Replicate_35	-3814.32	7640.64	2776.14	916.81	0.2094,4.015,0.4542,0.0146,0.0105,0.7608
admix_origin_no_mig	Round_4_Replicate_36	-3933.12	7878.24	3796.02	913.71	0.2181,4.2617,0.5009,0.0116,0.0103,0.6202
admix_origin_no_mig	Round_4_Replicate_37	-3879.56	7771.12	2975.46	897.14	0.3106,4.6996,0.3576,0.014,0.0147,0.8822
admix_origin_no_mig	Round_4_Replicate_38	-3865.9	7743.8	3165.93	913.13	0.2164,2.9839,0.7688,0.0134,0.0103,0.751
admix_origin_no_mig	Round_4_Replicate_39	-3697.9	7407.8	2307.13	937.56	0.2099,4.2287,0.3364,0.0139,0.0102,0.9896
admix_origin_no_mig	Round_4_Replicate_40	-3930.21	7872.42	3803.4	928.66	0.1596,1.5666,0.6554,0.0103,0.0101,0.5411
